011 1
011 011
011 1
011 1
011 1
011 010
011 1
011 1
011 011
011 1
011 1
011 010
011 1
011 011
011 1
011 010
011 1
011 1
011 1
011 1
011 1
011 1
011 011
011 010
011 011
011 1
011 1
011 1
011 1
011 1
1 1 1
1 1 1
1 1 1
1 1 010
1 1 1
1 011 011
1 010 1
1 1 1
1 00101 0001000
1 010 1
1 010 00111
1 011 011
1 010 1
1 1 010
1 011 00110
1 010 1
1 1 00111
1 1 011
1 1 1
1 011 1
1 010 0001000
1 1 1
1 1 00111
1 1 011
1 1 1
1 1 1
1 1 010
1 1 1
1 1 011
1 1 1
1 1 1
1 1 1
1 1 1
1 1 010
1 1 011
1 011 1
1 010 1
1 1 1
1 011 0001000
1 011 1
1 00100 0001001
1 1 1
1 1 1
1 011 1
1 00101 0001000
1 010 1
1 00100 0001001
1 1 1
1 1 1
1 1 1
1 011 00100
1 011 00100
1 00100 0001001
1 1 1
1 1 1
1 1 1
1 1 010
1 1 1
1 1 011
1 1 1
1 1 1
1 1 010
1 1 1
1 1 011
1 1 1
1 1 1
1 1 1
1 1 010
1 011 00110
1 1 1
1 010 0001001
1 1 1
1 1 1
1 1 1
1 00101 0001000
1 010 1
1 010 0001001
1 1 1
1 1 1
1 1 1
1 011 010
1 011 00110
1 00100 0001001
1 1 1
1 1 1
1 1 1
1 1 00100
1 1 00101
1 1 1
1 1 1
011 1
011 011
011 1
011 1
011 1
011 010
011 1
011 1
011 011
011 1
011 010
011 1
011 1
011 011
011 1
011 1
011 010
011 1
011 1
011 1
011 1
011 1
011 011
011 010
011 011
011 1
011 1
011 1
011 1
011 1
1 1 1
1 1 1
1 1 010
1 1 011
1 1 1
1 1 1
1 1 1
1 1 010
1 1 00110
1 1 1
1 010 00111
1 011 011
1 1 1
1 1 1
1 00101 0001000
1 010 1
1 0001000 011
1 00111 00111
1 1 1
1 1 1
1 1 1
1 1 00110
1 1 00111
1 1 1
1 1 1
1 1 1
1 1 1
1 1 1
1 1 1
1 1 1
1 1 1
1 1 1
1 1 1
1 1 1
1 1 1
1 1 1
1 1 1
1 1 1
1 011 0001000
1 010 1
1 00110 011
1 00111 00111
1 1 1
1 1 010
1 00101 00110
1 010 1
1 00100 00101
1 011 00101
1 1 1
1 1 1
1 010 1
1 00111 0001000
1 00100 0001001
1 1 1
1 1 1
1 1 1
1 1 011
1 1 010
1 1 1
1 1 1
1 1 1
1 1 1
1 1 1
1 1 010
1 1 1
1 011 011
1 010 1
1 011 00100
1 1 00100
1 010 1
1 010 00101
1 00101 00101
1 010 1
1 011 010
1 011 00100
1 010 010
1 00100 00101
1 011 00101
1 1 1
1 1 1
1 011 00110
1 1 011
1 010 011
1 1 011
1 1 1
1 1 1
1 1 1
1 1 011
1 1 010
1 1 1
011 1
011 011
011 1
011 1
011 1
011 010
011 1
011 1
011 011
011 1
011 010
011 1
011 1
011 011
011 1
011 1
011 010
011 1
011 1
011 1
011 1
011 011
011 1
011 010
011 011
011 1
011 1
011 1
011 1
011 1
1 1 1
1 011 010
1 1 1
1 1 011
1 1 1
1 1 1
1 1 1
1 1 010
1 010 00100
1 010 1
1 011 00101
1 011 011
1 1 1
1 010 00100
1 011 010
1 1 1
1 010 00101
1 011 011
1 1 1
1 1 1
1 010 010
1 1 1
1 011 011
1 1 1
1 010 1
1 1 1
1 1 010
1 1 011
1 1 010
1 1 011
