011 1
011 011
011 1
011 1
011 1
011 1
011 1
011 1
011 1
011 1
011 1
011 1
011 1
011 010
011 011
011 1
011 1
011 1
011 1
011 1
011 1
011 1
011 010
011 011
011 1
011 1
011 010
011 011
011 1
011 1
011 1
011 1
011 1
011 010
011 011
011 1
011 1
011 010
011 011
011 1
011 010
011 011
011 010
011 1
011 1
011 011
011 1
011 1
011 1
011 1
011 1
011 010
011 1
011 011
011 1
011 1
011 010
011 011
011 1
011 1
011 010
011 011
011 010
011 1
011 011
011 1
011 010
011 011
011 1
011 1
011 1
011 1
011 1
011 010
011 1
011 011
011 1
011 1
011 1
011 010
011 011
011 1
011 1
011 010
011 011
011 010
011 011
011 010
011 1
011 011
011 010
011 011
011 1
011 1
011 1
011 010
011 1
011 011
011 1
011 1
011 1
011 010
011 1
011 1
011 011
011 1
011 010
011 011
011 010
011 011
011 010
011 011
011 1
011 1
011 1
011 1
011 010
011 1
011 011
011 1
011 1
011 1
011 1
011 1
011 1
011 1
011 1
011 1
011 1
011 010
011 011
011 010
011 011
011 1
011 1
011 1
011 010
011 011
011 1
011 1
011 1
011 1
011 1
011 1
011 1
011 1
011 1
011 1
011 1
011 010
011 011
011 1
011 010
011 011
011 010
011 011
011 1
011 1
011 1
011 1
011 010
011 011
011 1
011 1
011 1
011 010
011 011
011 010
011 1
011 1
011 011
011 010
011 1
011 1
011 011
011 010
011 1
011 1
011 011
011 1
011 1
011 1
011 010
011 1
011 011
011 1
011 1
011 010
011 1
011 011
011 010
011 1
011 1
011 011
011 1
011 010
011 011
011 1
011 010
011 011
011 1
011 1
011 1
011 1
011 010
011 1
011 011
011 1
011 1
011 010
011 011
011 1
011 1
011 010
011 011
011 010
011 011
011 1
011 010
011 1
011 1
011 1
011 011
011 1
011 010
011 011
011 1
011 010
011 011
011 1
011 1
011 010
011 011
011 010
011 1
011 1
011 011
011 010
011 011
011 1
011 1
011 010
011 1
011 1
011 1
011 011
011 010
011 011
011 1
011 010
011 1
011 011
011 010
011 011
011 1
011 1
011 010
011 1
011 011
011 1
011 010
011 1
011 011
011 1
011 010
011 1
011 1
011 1
011 1
011 011
011 1
011 1
011 010
011 011
011 010
011 011
011 1
011 1
011 1
011 010
011 011
011 1
011 1
011 010
011 1
011 1
011 1
011 1
011 011
011 1
011 1
011 010
011 1
011 1
011 1
011 011
011 1
011 1
011 1
011 1
011 010
011 011
011 1
011 1
011 1
011 1
011 1
011 010
011 1
011 1
011 1
011 1
011 1
011 011
011 010
011 011
011 010
011 1
011 1
011 1
011 011
011 010
011 1
011 1
011 011
011 1
011 1
011 010
011 011
011 1
011 010
011 011
011 1
011 010
011 1
011 011
011 010
011 011
011 010
011 1
011 011
011 1
011 1
011 1
011 010
011 011
011 1
011 1
011 1
011 1
011 010
011 1
011 1
011 011
011 1
011 1
011 010
011 1
011 011
011 010
011 1
011 011
011 1
011 1
011 1
011 010
011 1
011 1
011 1
011 1
011 1
011 1
011 011
011 1
011 010
011 011
011 1
011 1
011 1
011 1
011 1
011 1
011 010
011 011
011 1
011 010
011 1
011 1
011 1
011 1
011 1
011 1
011 011
011 1
011 1
011 1
1 011 1 1
1 1 1 1
1 1 1 1
1 1 1 1
1 1 1 1
1 1 1 1
1 1 1 1
1 1 1 1
1 1 1 1
1 1 1 1
1 1 1 1
1 1 010 011
1 1 1 010
1 1 1 1
1 1 1 1
1 1 1 1
1 1 1 1
1 1 1 1
1 1 1 1
1 1 1 1
1 1 011 011
1 1 1 1
1 1 1 010
1 1 1 1
1 1 1 1
1 1 1 1
1 1 1 1
1 1 1 1
1 1 1 1
1 1 1 1
1 1 1 1
1 1 1 1
1 1 010 011
1 1 1 010
1 1 1 011
1 1 1 010
1 1 1 1
1 1 1 1
1 1 1 1
1 1 1 1
1 1 1 1
1 1 1 1
1 1 1 1
1 1 011 011
1 1 1 010
1 1 1 1
1 1 1 1
1 1 1 1
1 1 1 1
1 1 1 1
1 1 010 1
1 1 011 1
1 1 010 1
1 1 00101 010
1 1 1 00101
1 1 1 00100
1 1 010 011
1 1 010 011
1 1 1 1
1 1 1 010
1 1 1 1
1 1 1 1
1 1 1 1
1 1 1 1
1 1 011 011
1 1 1 1
1 1 1 010
1 1 1 1
1 1 1 1
1 1 1 1
1 1 1 1
1 1 1 1
1 1 1 1
1 1 010 011
1 1 011 010
1 1 011 1
1 1 010 1
1 1 1 011
1 1 1 00100
1 1 010 00101
1 1 1 1
1 1 1 010
1 1 1 1
1 1 1 1
1 1 1 1
1 1 1 1
1 1 1 1
1 1 011 011
1 1 1 010
1 1 1 1
1 1 1 1
1 1 1 1
1 1 1 1
1 1 1 1
1 1 1 1
1 1 010 1
1 1 1 010
1 1 1 00101
1 1 1 00100
1 1 00101 00101
1 1 010 00100
1 1 010 011
1 1 1 011
1 1 1 1
1 1 1 010
1 1 1 1
1 1 1 1
1 1 1 1
1 1 1 1
1 1 011 011
1 1 1 010
1 1 1 1
1 1 1 1
1 1 1 1
1 1 1 1
1 1 1 1
1 1 010 1
1 1 1 010
1 1 1 011
1 1 1 011
1 1 1 1
1 1 1 1
1 1 00101 1
1 1 00100 1
1 1 1 1
1 1 1 1
1 1 1 1
1 1 1 010
1 1 1 1
1 1 1 1
1 1 1 1
1 1 011 011
1 1 1 010
1 1 1 1
1 1 1 1
1 1 1 1
1 1 010 1
1 1 011 1
1 1 010 1
1 1 1 1
1 1 1 1
1 1 1 010
1 1 011 00101
1 1 010 1
1 1 1 1
1 1 1 010
1 1 1 011
1 1 1 1
1 1 1 00100
1 1 1 011
1 1 1 1
1 1 1 1
1 1 1 1
1 1 1 1
1 1 011 1
1 1 010 1
1 1 011 1
1 1 010 1
1 1 1 011
1 1 011 010
1 1 010 011
1 1 1 1
1 1 1 00100
1 1 1 00101
1 1 1 1
1 1 1 1
1 1 1 00100
1 1 1 00101
1 1 1 1
1 1 1 010
1 1 1 1
1 1 1 1
1 1 1 1
1 1 1 1
1 1 1 1
1 1 011 011
1 1 1 010
1 1 1 1
1 1 1 1
1 1 011 1
1 1 010 1
1 1 1 1
1 1 1 011
1 1 010 1
1 1 1 00100
1 1 1 011
1 1 1 1
1 1 1 011
1 1 1 00100
1 1 1 1
1 1 1 00101
1 1 1 010
1 1 011 1
1 1 010 1
1 1 1 1
1 1 1 1
1 1 011 1
1 1 010 1
1 1 011 1
1 1 011 1
1 1 00100 1
1 1 1 1
1 1 1 1
1 1 1 1
1 1 011 011
1 1 010 1
1 1 1 1
1 1 1 1
1 1 1 1
1 1 1 00100
1 1 1 00101
1 1 1 1
1 1 1 00100
1 1 1 011
1 1 1 1
1 1 011 1
1 1 010 1
1 1 1 1
1 1 1 1
1 1 011 1
1 1 1 1
1 1 010 1
1 1 1 1
1 1 1 1
1 1 1 1
1 1 1 1
1 1 011 011
1 1 1 1
1 1 010 1
1 1 1 1
1 1 1 1
1 1 1 00100
1 1 1 1
1 1 1 00101
1 1 1 00100
1 1 1 011
1 1 1 1
1 1 1 1
1 1 011 1
1 1 010 1
1 1 1 1
1 1 011 1
1 1 1 1
1 1 010 011
1 1 1 010
1 1 1 1
1 1 1 1
1 1 1 1
1 1 011 011
1 1 010 1
1 1 1 1
1 1 1 010
1 1 1 1
1 1 1 011
1 1 1 1
1 1 1 00100
1 1 1 00101
1 1 1 010
1 1 1 1
1 1 1 1
1 1 1 1
1 1 011 1
1 1 1 1
1 1 010 1
1 1 011 1
1 1 010 1
1 1 1 1
1 1 1 1
1 1 011 011
1 1 1 1
1 1 1 1
1 1 010 1
1 1 1 1
1 1 1 00100
1 1 1 1
1 1 1 011
1 1 1 011
1 1 1 1
1 1 1 1
1 1 1 010
1 1 011 1
1 1 010 1
1 1 1 1
1 1 1 1
1 1 011 1
1 1 1 1
1 1 1 1
1 1 010 011
1 1 1 010
1 1 011 1
1 1 010 1
1 1 1 1
1 1 011 011
1 1 1 1
1 1 010 1
1 1 1 1
1 1 1 010
1 1 1 011
1 1 1 010
1 1 1 010
1 1 1 1
1 1 1 011
1 1 1 1
1 1 011 1
1 1 1 1
1 1 010 1
1 1 00101 011
1 1 010 010
1 1 1 1
1 1 010 1
1 1 1 011
1 1 011 1
1 1 010 010
1 1 1 1
1 1 011 011
1 1 1 1
1 1 010 010
1 1 1 011
1 1 1 1
1 1 1 1
1 1 1 00100
1 1 1 1
1 1 1 1
1 1 011 011
1 1 1 1
1 1 1 1
1 1 1 1
1 1 1 1
1 1 010 1
1 1 011 1
1 1 1 011
1 1 010 010
1 1 1 011
1 1 011 010
1 1 1 1
1 1 1 1
1 1 1 011
1 1 010 010
1 1 1 1
1 1 1 011
1 1 1 1
1 1 1 1
1 1 1 010
1 1 1 010
1 1 1 00101
1 1 011 010
1 1 1 1
1 1 1 1
1 1 1 1
1 1 1 1
1 1 1 1
1 1 1 1
1 1 1 011
1 1 1 1
1 1 1 1
1 1 1 010
1 1 1 1
1 1 1 1
1 1 1 1
1 1 1 011
1 1 1 1
1 1 1 1
1 1 010 1
1 1 011 1
1 1 010 010
1 1 1 010
1 1 1 00101
1 1 1 1
1 1 011 010
1 1 1 1
1 1 1 1
1 1 1 1
1 1 1 1
1 1 1 1
1 1 1 1
1 1 1 1
1 1 010 1
1 1 011 1
1 1 1 1
1 1 011 1
1 1 010 1
1 1 1 1
1 1 1 1
1 1 010 1
1 1 1 1
1 1 1 1
1 1 1 1
1 1 1 1
1 1 1 1
1 1 011 1
1 1 1 1
1 1 1 1
1 1 1 1
1 1 1 1
1 1 1 1
1 1 1 1
1 00101 1 1
1 1 1 1
1 1 1 1
1 1 1 1
1 1 1 1
1 1 1 1
1 1 010 1
1 1 011 1
1 1 1 1
1 1 1 1
1 1 1 1
1 1 010 1
1 1 1 1
1 1 1 1
1 1 1 1
1 010 1 1
1 011 1 1
1 010 1 1
1 1 1 1
1 1 1 1
1 011 011 011
1 1 1 1
1 1 1 010
1 1 1 1
1 1 1 1
1 1 1 1
1 1 1 1
1 1 1 1
1 1 1 1
1 1 1 1
1 1 1 1
1 1 010 1
1 010 00101 011
1 1 1 1
1 1 00100 1
1 011 1 1
1 1 1 010
1 1 1 1
1 010 1 1
1 1 1 1
1 1 1 1
1 1 1 1
1 1 1 1
1 1 1 1
1 011 011 1
1 1 1 1
1 1 1 1
1 1 1 1
1 1 1 1
1 1 1 1
1 1 010 1
1 1 1 1
1 010 1 1
1 1 011 1
1 1 010 010
1 1 1 00101
1 1 00101 010
1 011 00100 011
1 1 1 1
1 010 1 010
1 1 1 1
1 1 1 1
1 1 1 1
1 1 1 1
1 1 1 1
1 1 1 1
1 011 011 1
1 1 1 1
1 1 1 1
1 1 1 1
1 1 1 1
1 010 010 011
1 011 011 010
1 1 010 1
1 1 1 011
1 010 00101 010
1 1 010 011
1 1 010 010
1 1 011 011
1 011 010 00100
1 1 1 00101
1 1 1 010
1 010 1 1
1 1 1 1
1 1 1 1
1 1 1 1
1 1 1 1
1 1 011 011
1 011 1 010
1 1 1 1
1 010 010 011
1 011 011 010
1 1 1 1
1 1 1 1
1 1 1 1
1 1 010 011
1 1 1 010
1 010 1 010
1 1 011 1
1 1 011 00101
1 1 010 1
1 011 010 010
1 1 1 011
1 1 1 1
1 010 1 010
1 1 1 1
1 1 1 1
1 1 1 1
1 1 1 1
1 011 011 1
1 1 1 1
1 1 1 1
1 1 1 1
1 1 1 1
1 1 1 1
1 1 1 1
1 1 1 1
1 1 010 010
1 1 011 1
1 1 011 011
1 1 00100 011
1 1 1 1
1 1 1 1
1 1 1 1
1 1 1 1
1 1 1 1
1 1 1 1
1 1 1 1
1 010 1 010
1 1 1 1
1 1 1 1
1 1 1 1
1 011 011 1
1 1 1 1
1 1 1 1
1 1 1 1
1 1 1 1
1 1 010 1
1 1 011 1
1 1 010 1
1 1 1 1
1 1 1 010
1 1 1 011
1 1 1 011
1 1 1 1
1 1 1 1
1 1 1 1
1 1 1 1
1 1 1 00100
1 1 1 1
1 010 1 011
1 1 1 1
1 1 1 1
1 1 1 1
1 011 011 1
1 010 010 011
1 1 1 1
1 1 1 1
1 1 1 1
1 011 011 010
1 1 010 011
1 1 1 010
1 1 1 010
1 1 1 1
1 1 1 00101
1 1 1 1
1 1 1 1
1 1 1 1
1 1 1 1
1 1 1 00100
1 1 1 011
1 010 1 1
1 1 1 1
1 1 1 1
1 1 1 1
1 1 011 011
1 011 1 010
1 010 010 011
1 011 011 010
1 1 1 1
1 1 1 1
1 1 1 1
1 1 1 011
1 1 010 1
1 1 1 00100
1 1 1 1
1 1 1 1
1 1 1 00101
1 1 1 00100
1 1 1 1
1 1 1 00101
1 1 1 010
1 010 1 1
1 1 1 1
1 1 1 1
1 1 1 1
1 1 1 1
1 1 1 1
1 011 011 1
1 1 1 1
1 010 010 011
1 1 1 1
1 011 1 010
1 1 011 1
1 1 1 011
1 1 010 1
1 1 1 1
1 1 1 1
1 1 1 1
1 1 1 010
1 1 1 010
1 1 1 00101
1 1 1 1
1 1 1 010
1 010 1 1
1 1 1 1
1 1 1 1
1 1 1 1
1 1 1 1
1 011 011 1
1 1 1 1
1 010 010 011
1 1 1 1
1 011 1 010
1 1 1 1
1 1 1 1
1 1 1 1
1 1 1 011
1 1 1 1
1 1 1 1
1 1 1 1
1 1 1 00100
1 1 1 00101
1 1 1 1
1 1 1 00100
1 1 1 011
1 010 1 1
1 1 1 1
1 1 1 1
1 1 1 1
1 1 1 1
1 011 011 1
1 1 1 1
1 010 010 011
1 1 1 1
1 1 1 1
1 1 1 1
1 011 1 010
1 1 1 1
1 1 1 011
1 1 1 1
1 1 1 010
1 1 1 1
1 1 1 011
1 1 1 1
1 1 1 1
1 1 1 1
1 1 1 010
1 010 1 1
1 1 1 1
1 1 1 1
1 1 1 1
1 1 1 1
1 1 1 1
1 011 011 1
1 010 010 011
1 1 1 1
1 1 1 1
1 1 1 1
1 1 1 1
1 011 011 1
1 1 010 1
1 1 1 1
1 1 00101 1
1 1 00100 00100
1 1 1 1
1 1 1 00101
1 1 1 010
1 1 1 011
1 1 1 010
1 010 1 1
1 011 011 1
1 010 010 1
1 1 1 1
1 1 1 1
1 011 011 1
1 1 1 1
1 010 010 011
1 1 1 1
1 1 1 1
1 1 1 1
1 1 1 1
1 011 011 1
1 1 1 1
1 1 010 1
1 1 1 1
1 1 1 1
1 1 1 1
1 010 00101 1
1 011 00100 1
1 1 1 1
1 1 1 010
1 1 011 1
1 010 010 1
1 1 1 1
1 1 1 1
1 1 1 1
1 011 011 1
1 1 1 1
1 010 010 011
1 1 1 1
1 1 1 1
1 1 1 1
1 1 1 1
1 011 011 010
1 1 1 1
1 1 010 1
1 1 00101 011
1 1 00100 1
1 1 1 1
1 010 1 1
1 011 1 010
1 1 1 010
1 1 011 011
1 1 1 1
1 1 1 1
1 1 1 1
1 010 010 1
1 1 1 1
1 011 011 1
1 1 1 1
1 010 010 011
1 1 1 1
1 1 1 1
1 011 011 010
1 010 010 011
1 1 1 010
1 011 011 1
1 1 1 011
1 1 1 1
1 1 010 1
1 1 1 1
1 1 1 1
1 1 1 1
1 1 1 00100
1 1 1 011
1 010 1 1
1 011 011 1
1 1 1 1
1 010 010 1
1 1 1 1
1 1 1 1
1 011 011 1
1 010 010 011
1 1 1 1
1 1 1 1
1 1 1 1
1 1 1 1
1 011 011 010
1 1 1 011
1 1 1 1
1 1 1 1
1 1 010 1
1 1 011 1
1 1 010 1
1 1 1 010
1 1 011 011
1 1 010 010
1 1 011 1
1 1 1 1
1 1 1 1
1 010 010 1
1 1 1 1
1 1 1 1
1 011 011 1
1 1 1 1
1 1 1 1
1 1 1 1
1 1 1 1
1 1 011 1
1 1 010 1
1 1 1 1
1 1 1 1
1 1 1 1
1 1 010 1
1 1 1 1
1 1 1 1
1 1 1 1
1 1 011 1
1 1 1 1
1 1 1 1
1 1 1 1
1 1 1 1
1 1 1 1
1 010 010 1
1 011 011 1
1 00111 1 1
1 1 1 1
1 00100 1 1
1 011 010 1
1 1 1 1
1 1 1 1
1 1 1 1
1 1 1 1
1 1 1 1
1 1 1 1
1 011 1 1
1 010 1 1
1 011 011 1
1 1 1 1
1 010 010 1
1 1 1 1
1 1 1 1
1 011 011 1
1 1 1 1
1 1 1 1
1 1 1 1
1 1 1 1
1 1 1 1
1 010 010 1
1 1 1 1
1 1 1 1
1 1 1 1
1 1 1 1
1 1 1 1
1 1 1 1
1 1 1 1
1 011 011 010
1 00100 1 00101
1 1 1 010
1 1 010 011
1 00101 1 1
1 1 1 00100
1 1 011 011
1 010 010 1
1 011 011 1
1 1 1 1
1 1 1 1
1 1 1 1
1 1 1 1
1 1 1 1
1 010 010 1
1 1 1 1
1 1 1 1
1 1 1 1
1 1 1 1
1 1 1 1
1 1 1 1
1 011 1 1
1 00100 011 010
1 1 010 00101
1 1 011 1
1 1 010 1
1 00101 1 00100
1 1 1 00101
1 1 011 010
1 1 1 1
1 010 010 1
1 011 011 1
1 1 1 1
1 1 1 1
1 1 1 1
1 1 1 1
1 1 1 1
1 00100 1 1
1 011 010 1
1 1 1 1
1 011 011 1
1 010 010 1
1 011 1 1
1 1 1 011
1 010 00101 1
1 010 00100 010
1 1 00101 1
1 1 1 1
1 011 010 010
1 011 010 00101
1 1 1 1
1 1 011 010
1 1 1 1
1 010 010 1
1 011 011 1
1 1 1 1
1 1 1 1
1 1 1 1
1 1 1 1
1 1 1 1
1 1 1 1
1 010 010 1
1 1 1 1
1 011 1 1
1 1 1 011
1 1 1 010
1 00100 1 010
1 1 1 00101
1 1 00101 00100
1 00101 00100 00101
1 010 1 1
1 011 1 1
1 1 1 1
1 010 1 010
1 011 011 1
1 1 1 1
1 010 010 1
1 011 011 1
1 1 1 1
1 1 1 1
1 1 1 1
1 1 1 1
1 00100 1 1
1 011 010 1
1 1 1 1
1 011 011 1
1 1 010 1
1 1 1 010
1 1 1 011
1 1 1 1
1 1 1 1
1 1 1 011
1 1 1 1
1 1 1 1
1 1 1 1
1 1 1 010
1 1 1 1
1 1 011 1
1 1 1 1
1 00100 010 1
1 00101 011 1
1 1 1 1
1 1 1 1
1 1 1 1
1 1 1 1
1 1 1 1
1 010 010 1
1 011 1 1
1 1 1 1
1 1 00101 010
1 1 00100 1
1 1 1 1
1 1 1 011
1 1 1 011
1 1 1 1
1 1 1 010
1 1 1 011
1 1 1 010
1 1 1 010
1 1 011 011
1 1 1 1
1 1 1 1
1 1 1 1
1 1 1 1
1 1 1 1
1 1 1 1
1 010 010 1
1 1 1 1
1 011 011 1
1 1 1 1
1 1 010 1
1 1 1 1
1 1 1 010
1 1 1 011
1 1 1 011
1 1 1 1
1 1 1 1
1 1 1 1
1 1 1 00100
1 1 1 1
1 1 011 011
1 00100 010 1
1 1 1 1
1 1 1 1
1 00101 011 1
1 1 1 1
1 1 1 1
1 1 1 1
1 1 1 1
1 1 1 1
1 1 1 1
1 1 1 1
1 1 010 011
1 1 1 00100
1 1 1 1
1 1 1 00101
1 1 1 1
1 1 1 1
1 1 1 00100
1 1 1 1
1 1 1 00101
1 1 011 010
1 00100 010 1
1 1 1 1
1 1 1 1
1 1 1 1
1 00101 011 1
1 1 1 1
1 1 1 1
1 1 1 1
1 1 1 1
1 010 010 1
1 011 011 1
1 1 010 011
1 1 1 1
1 1 1 00100
1 1 1 00101
1 1 1 1
1 1 1 1
1 1 1 00100
1 1 1 1
1 1 1 00101
1 1 1 00100
1 00100 1 011
1 1 1 1
1 1 1 1
1 1 1 1
1 00101 011 1
1 1 1 1
1 1 1 1
1 1 1 1
1 1 1 1
1 010 010 1
1 011 011 1
1 1 1 1
1 1 010 1
1 1 1 011
1 1 1 1
1 1 1 00100
1 1 1 011
1 1 1 010
1 1 1 1
1 00100 00101 1
1 1 1 00101
1 00101 00100 1
1 00100 1 010
1 1 1 1
1 1 1 1
1 1 1 1
1 00101 1 010
1 1 011 011
1 1 1 1
1 1 1 1
1 1 1 1
1 1 1 1
1 1 1 1
1 1 1 1
1 1 011 011
1 1 00100 1
1 1 1 1
1 1 1 00100
1 1 1 1
1 1 1 1
1 1 1 00101
1 1 1 1
1 010 00101 00100
1 011 00100 011
1 00100 1 1
1 1 1 1
1 1 1 1
1 1 1 1
1 1 1 1
1 00101 011 1
1 1 1 1
1 1 1 1
1 1 1 1
1 1 1 1
1 1 1 1
1 1 1 1
1 1 1 011
1 1 1 1
1 1 010 1
1 1 00101 00100
1 1 00100 00101
1 1 1 00100
1 1 1 1
1 00100 1 011
1 00101 1 1
1 1 1 010
1 00100 1 011
1 1 1 1
1 1 1 1
1 011 011 1
1 011 1 1
1 1 1 1
1 1 1 1
1 1 1 1
1 1 1 1
1 1 1 1
1 1 1 1
1 1 1 1
1 1 1 011
1 1 011 010
1 1 00100 011
1 1 1 1
1 1 1 1
1 1 1 1
1 1 1 1
1 00100 1 1
1 00101 1 1
1 1 1 010
1 00100 1 1
1 1 1 1
1 1 1 1
1 1 1 1
1 011 011 1
1 011 1 1
1 1 1 1
1 1 1 1
1 1 1 1
1 1 1 1
1 1 1 1
1 1 1 1
1 1 1 1
1 1 1 1
1 1 010 011
1 1 1 00100
1 1 1 00101
1 1 1 1
1 1 1 1
1 1 00101 1
1 1 00100 00100
1 1 1 1
1 00100 1 011
1 1 1 1
1 1 1 1
1 1 1 1
1 00101 011 1
1 010 1 1
1 011 1 1
1 1 1 1
1 1 1 1
1 1 1 1
1 1 1 1
1 1 1 1
1 1 1 1
1 1 1 1
1 1 010 011
1 1 1 1
1 1 1 00100
1 1 1 00101
1 1 1 1
1 00100 00101 1
1 00101 00100 010
1 1 011 1
1 1 1 1
1 00100 010 1
1 1 1 1
1 00101 011 1
1 00100 010 1
1 1 1 010
1 00101 011 011
1 1 1 1
1 1 1 1
1 1 1 1
1 1 1 1
1 1 1 1
1 1 1 1
1 1 1 1
1 1 1 011
1 1 010 1
1 1 1 1
1 1 00101 1
1 1 00100 010
1 1 1 1
1 1 011 1
1 1 1 1
1 00100 010 1
1 1 1 1
1 1 1 1
1 00101 011 1
1 010 010 010
1 010 1 1
1 00101 011 011
1 1 1 1
1 1 1 1
1 1 1 1
1 1 1 1
1 1 1 1
1 1 1 1
1 1 1 1
1 1 1 1
1 1 010 1
1 1 1 1
1 1 1 1
1 1 1 1
1 1 1 1
1 1 011 1
1 1 1 1
1 1 1 1
1 1 1 1
1 00100 010 1
1 00101 011 1
1 1 010 1
1 1 011 1
011 1
011 011
011 1
011 1
011 1
011 1
011 1
011 1
011 1
011 1
011 1
011 1
011 1
011 1
011 1
011 1
011 1
011 1
011 1
011 1
011 1
011 1
011 010
011 011
011 1
011 1
011 010
011 011
011 1
011 1
011 1
011 1
011 1
011 1
011 1
011 1
011 1
011 010
011 011
011 1
011 010
011 011
011 1
011 010
011 1
011 011
011 010
011 011
011 1
011 1
011 1
011 010
011 1
011 1
011 1
011 011
011 1
011 010
011 011
011 010
011 1
011 011
011 1
011 010
011 011
011 1
011 010
011 011
011 1
011 1
011 010
011 011
011 1
011 010
011 1
011 1
011 1
011 1
011 011
011 010
011 1
011 1
011 011
011 010
011 011
011 1
011 1
011 010
011 1
011 011
011 010
011 011
011 1
011 1
011 1
011 010
011 1
011 1
011 1
011 011
011 1
011 1
011 010
011 1
011 1
011 011
011 010
011 011
011 010
011 1
011 1
011 011
011 1
011 1
011 1
011 1
011 1
011 010
011 011
011 1
011 1
011 1
011 1
011 1
011 1
011 1
011 010
011 011
011 1
011 010
011 011
011 010
011 011
011 1
011 1
011 1
011 1
011 1
011 1
011 1
011 1
011 1
011 1
011 1
011 1
011 1
011 1
011 1
011 010
011 011
011 010
011 011
011 010
011 011
011 010
011 1
011 1
011 011
011 1
011 1
011 010
011 011
011 1
011 010
011 011
011 1
011 1
011 1
011 010
011 1
011 1
011 011
011 010
011 1
011 011
011 010
011 1
011 011
011 1
011 1
011 1
011 1
011 1
011 010
011 1
011 011
011 010
011 1
011 1
011 1
011 011
011 1
011 010
011 011
011 1
011 010
011 011
011 1
011 010
011 011
011 1
011 1
011 1
011 010
011 011
011 1
011 1
011 1
011 1
011 1
011 1
011 1
011 1
011 1
011 010
011 1
011 011
011 1
011 010
011 1
011 1
011 1
011 1
011 011
011 010
011 011
011 1
011 010
011 1
011 1
011 011
011 010
011 1
011 011
011 010
011 1
011 011
011 010
011 011
011 1
011 1
011 010
011 1
011 1
011 011
011 1
011 010
011 011
011 1
011 010
011 011
011 010
011 011
011 1
011 1
011 1
011 1
011 1
011 010
011 011
011 010
011 1
011 011
011 1
011 010
011 1
011 011
011 1
011 010
011 1
011 011
011 010
011 1
011 1
011 011
011 1
011 010
011 011
011 010
011 011
011 010
011 011
011 1
011 010
011 011
011 010
011 1
011 1
011 011
011 1
011 1
011 010
011 011
011 1
011 010
011 1
011 1
011 011
011 1
011 1
011 1
011 1
011 1
011 1
011 1
011 1
011 1
011 010
011 1
011 1
011 1
011 1
011 1
011 011
011 010
011 011
011 1
011 1
011 010
011 011
011 010
011 011
011 1
011 010
011 011
011 1
011 1
011 010
011 011
011 1
011 010
011 1
011 011
011 010
011 1
011 1
011 1
011 011
011 010
011 1
011 1
011 011
011 1
011 1
011 1
011 010
011 011
011 1
011 1
011 1
011 010
011 1
011 1
011 011
011 1
011 010
011 1
011 1
011 011
011 010
011 1
011 011
011 010
011 011
011 1
011 1
011 1
011 1
011 010
011 1
011 1
011 1
011 1
011 011
011 010
011 011
011 1
011 1
011 1
011 1
011 1
011 1
011 010
011 011
011 1
011 010
011 011
011 010
011 1
011 1
011 011
011 010
011 011
011 1
011 1
011 1
1 011 1 1
1 1 1 1
1 1 1 1
1 1 1 1
1 1 1 1
1 1 1 1
1 1 1 1
1 1 010 1
1 1 1 1
1 1 1 1
1 1 1 1
1 1 011 1
1 1 1 1
1 1 1 1
1 1 1 1
1 1 1 1
1 1 1 1
1 1 1 1
1 1 1 1
1 1 1 1
1 1 1 1
1 1 1 1
1 1 1 1
1 1 1 1
1 1 1 1
1 1 1 1
1 1 1 1
1 1 1 1
1 1 010 1
1 1 1 1
1 1 011 1
1 1 010 010
1 1 1 1
1 1 011 011
1 1 011 1
1 1 00100 1
1 1 1 1
1 1 011 1
1 1 1 1
1 1 1 1
1 1 1 1
1 1 1 1
1 1 1 1
1 1 1 1
1 1 1 1
1 1 1 1
1 1 1 1
1 1 1 1
1 1 010 1
1 1 1 1
1 1 011 1
1 1 1 1
1 1 010 010
1 1 1 00101
1 1 00101 00100
1 1 1 00101
1 1 1 1
1 1 00100 00100
1 1 1 011
1 1 1 010
1 1 011 011
1 1 1 1
1 1 1 1
1 1 1 1
1 1 011 011
1 1 010 010
1 1 1 1
1 1 1 1
1 1 1 1
1 1 1 1
1 1 1 1
1 1 1 1
1 1 010 1
1 1 1 1
1 1 011 011
1 1 010 1
1 1 011 00100
1 1 1 00101
1 1 010 00100
1 1 1 011
1 1 00101 1
1 1 00100 011
1 1 011 010
1 1 1 1
1 1 1 1
1 1 1 1
1 1 1 1
1 1 1 1
1 1 1 1
1 1 1 1
1 1 1 1
1 1 1 1
1 1 010 1
1 1 1 1
1 1 1 1
1 1 1 1
1 1 1 1
1 1 1 010
1 1 1 011
1 1 00101 010
1 1 00100 011
1 1 1 1
1 1 1 011
1 1 1 1
1 1 011 010
1 1 1 1
1 1 1 1
1 1 1 1
1 1 1 1
1 1 1 1
1 1 1 1
1 1 1 1
1 1 010 1
1 1 1 1
1 1 1 1
1 1 1 1
1 1 011 1
1 1 1 011
1 1 1 010
1 1 011 010
1 1 010 1
1 1 010 1
1 1 1 1
1 1 011 011
1 1 010 1
1 1 011 011
1 1 010 010
1 1 1 010
1 1 011 011
1 1 1 1
1 1 1 1
1 1 1 1
1 1 1 1
1 1 1 1
1 1 1 1
1 1 1 1
1 1 1 1
1 1 1 1
1 1 1 1
1 1 010 1
1 1 1 1
1 1 1 010
1 1 1 1
1 1 1 1
1 1 1 011
1 1 1 011
1 1 1 010
1 1 1 1
1 1 1 011
1 1 1 00100
1 1 1 1
1 1 011 011
1 1 1 1
1 1 1 1
1 1 1 1
1 1 1 1
1 1 1 1
1 1 1 1
1 1 1 1
1 1 1 1
1 1 1 1
1 1 010 1
1 1 1 1
1 1 1 010
1 1 1 1
1 1 1 1
1 1 1 00101
1 1 1 1
1 1 1 010
1 1 1 011
1 1 1 00100
1 1 1 1
1 1 011 011
1 1 1 1
1 1 1 1
1 1 1 1
1 1 1 1
1 1 1 1
1 1 1 1
1 1 1 1
1 1 010 1
1 1 1 1
1 1 011 1
1 1 010 011
1 1 1 010
1 1 1 010
1 1 1 00101
1 1 1 1
1 1 1 1
1 1 1 010
1 1 1 010
1 1 1 1
1 1 1 1
1 1 1 1
1 1 1 1
1 1 011 011
1 1 1 1
1 1 1 1
1 1 1 1
1 1 010 1
1 1 011 1
1 1 1 1
1 1 1 1
1 1 1 1
1 1 010 1
1 1 1 011
1 1 1 1
1 1 1 00100
1 1 1 00101
1 1 1 1
1 1 1 1
1 1 1 00100
1 1 1 1
1 1 1 00101
1 1 1 010
1 1 011 1
1 1 1 1
1 1 010 010
1 1 011 011
1 1 1 1
1 1 1 1
1 1 1 1
1 1 1 1
1 1 1 1
1 1 1 1
1 1 1 1
1 1 010 1
1 1 1 011
1 1 1 1
1 1 1 1
1 1 1 1
1 1 1 1
1 1 1 00100
1 1 1 1
1 1 1 00101
1 1 1 010
1 1 1 010
1 1 011 011
1 1 1 1
1 1 1 1
1 1 010 010
1 1 011 011
1 1 1 1
1 1 1 1
1 1 1 1
1 1 1 1
1 1 1 1
1 1 1 1
1 1 1 1
1 1 010 011
1 1 1 010
1 1 1 011
1 1 1 1
1 1 1 00100
1 1 1 1
1 1 1 00101
1 1 1 1
1 1 1 010
1 1 1 010
1 1 1 1
1 1 011 011
1 1 1 1
1 1 1 1
1 1 010 010
1 1 011 011
1 1 1 1
1 1 1 1
1 1 1 1
1 1 1 1
1 1 1 1
1 1 1 011
1 1 1 1
1 1 010 1
1 1 1 1
1 1 1 1
1 1 1 00100
1 1 1 1
1 1 1 00101
1 1 1 010
1 1 1 1
1 1 011 1
1 1 1 1
1 1 010 010
1 1 1 1
1 1 011 011
1 1 1 1
1 1 1 1
1 1 1 1
1 1 1 1
1 1 1 1
1 1 1 1
1 1 1 1
1 1 1 1
1 1 011 1
1 1 00100 010
1 1 1 00101
1 1 1 1
1 1 1 1
1 1 1 00100
1 1 1 00101
1 1 1 00100
1 1 1 1
1 1 011 011
1 1 1 1
1 1 1 1
1 1 010 010
1 1 1 1
1 1 011 011
1 1 1 1
1 1 1 1
1 1 1 1
1 1 1 1
1 1 1 1
1 1 1 1
1 1 1 1
1 1 011 1
1 1 010 1
1 1 010 011
1 1 1 1
1 1 1 1
1 1 1 1
1 1 1 010
1 1 1 010
1 1 1 1
1 1 011 011
1 1 1 1
1 1 1 1
1 1 1 1
1 1 1 1
1 1 010 010
1 1 011 011
1 1 1 1
1 1 1 1
1 1 1 1
1 1 1 1
1 1 1 1
1 1 1 1
1 1 1 1
1 1 1 1
1 1 1 1
1 1 010 1
1 1 1 1
1 1 1 011
1 1 1 010
1 1 1 1
1 1 1 010
1 1 011 011
1 1 1 1
1 1 1 1
1 1 1 1
1 1 1 1
1 1 1 1
1 1 1 1
1 1 1 1
1 1 1 1
1 1 1 1
1 1 1 1
1 1 1 1
1 1 1 1
1 1 011 1
1 1 010 1
1 1 1 1
1 1 010 011
1 1 1 1
1 1 1 010
1 1 1 010
1 1 011 1
1 1 011 011
1 1 010 1
1 1 1 1
1 1 1 1
1 1 1 1
1 1 1 1
1 1 1 1
1 1 1 1
1 1 1 1
1 1 1 1
1 1 1 1
1 1 1 1
1 1 011 010
1 1 1 1
1 1 1 011
1 1 010 1
1 1 1 1
1 1 011 1
1 1 010 1
1 1 010 1
1 1 1 1
1 1 011 1
1 1 011 1
1 1 1 1
1 1 1 1
1 1 010 1
1 1 1 1
1 1 1 1
1 1 1 1
1 00101 1 1
1 1 1 1
1 1 1 1
1 1 1 1
1 1 1 1
1 1 1 1
1 1 1 1
1 1 1 1
1 1 1 1
1 1 1 1
1 1 1 1
1 1 1 1
1 1 1 1
1 010 1 1
1 1 1 1
1 011 1 1
1 010 1 1
1 011 1 1
1 1 1 1
1 1 1 1
1 010 1 1
1 1 1 1
1 011 1 1
1 1 1 1
1 1 1 1
1 1 1 1
1 1 1 1
1 1 1 1
1 1 1 1
1 1 1 1
1 1 1 1
1 1 010 1
1 1 1 010
1 1 00101 1
1 010 1 011
1 011 010 011
1 1 010 010
1 1 011 1
1 1 1 1
1 010 1 1
1 011 1 1
1 010 1 1
1 011 1 1
1 010 1 1
1 011 1 1
1 1 1 1
1 1 1 1
1 1 1 1
1 1 1 1
1 1 1 1
1 1 1 1
1 1 1 1
1 1 010 010
1 010 1 1
1 1 00101 1
1 1 00100 1
1 1 00101 00101
1 011 00100 00100
1 1 1 00101
1 1 1 010
1 1 011 1
1 1 1 1
1 1 1 1
1 1 1 1
1 010 1 1
1 1 1 1
1 011 1 1
1 1 1 1
1 1 1 1
1 1 1 1
1 010 1 1
1 011 1 1
1 1 1 1
1 1 010 1
1 1 1 1
1 010 1 1
1 1 1 010
1 1 00101 00101
1 1 00100 00100
1 1 1 00101
1 1 011 00100
1 011 010 00101
1 1 011 010
1 1 1 1
1 1 1 1
1 1 1 1
1 1 1 1
1 1 1 1
1 1 1 1
1 1 1 1
1 1 1 1
1 1 1 1
1 1 1 1
1 1 1 1
1 1 1 1
1 1 010 010
1 010 1 011
1 011 1 010
1 1 1 1
1 010 1 1
1 1 00101 1
1 011 00100 011
1 1 1 1
1 1 1 011
1 1 011 010
1 1 1 1
1 1 1 1
1 1 1 1
1 1 1 1
1 1 1 1
1 010 1 1
1 011 1 1
1 1 1 1
1 1 1 1
1 1 1 1
1 1 1 1
1 1 1 1
1 1 010 011
1 1 1 1
1 1 1 010
1 1 1 1
1 1 1 1
1 1 1 010
1 1 1 011
1 1 1 1
1 1 1 1
1 1 1 1
1 1 011 1
1 1 1 1
1 1 1 1
1 1 1 1
1 1 1 1
1 1 1 1
1 1 1 1
1 1 1 1
1 1 1 1
1 1 1 1
1 1 1 1
1 1 1 1
1 1 1 1
1 1 1 1
1 1 010 1
1 1 1 010
1 1 1 1
1 1 1 011
1 1 1 1
1 1 1 1
1 1 1 1
1 1 1 011
1 1 1 00100
1 1 1 1
1 1 011 011
1 1 1 1
1 1 1 1
1 1 1 1
1 010 1 1
1 1 1 1
1 1 1 1
1 011 1 1
1 1 1 1
1 1 010 011
1 1 1 010
1 1 1 1
1 1 1 010
1 1 1 011
1 1 1 010
1 1 1 011
1 1 1 011
1 1 1 1
1 1 1 00100
1 1 1 1
1 1 1 1
1 1 011 011
1 1 1 1
1 1 1 1
1 1 1 1
1 010 1 1
1 1 1 1
1 011 1 1
1 1 1 1
1 1 1 1
1 1 1 1
1 1 010 1
1 1 1 011
1 1 1 1
1 1 1 00100
1 1 1 00101
1 1 1 1
1 1 1 1
1 1 1 1
1 1 1 00100
1 1 1 1
1 1 1 1
1 1 011 011
1 1 1 1
1 1 1 1
1 1 1 1
1 1 1 1
1 010 1 1
1 1 1 1
1 1 1 1
1 1 1 1
1 1 1 1
1 1 1 1
1 011 010 1
1 1 1 011
1 1 1 1
1 1 1 00100
1 1 1 00101
1 1 1 1
1 1 1 1
1 1 1 010
1 1 1 010
1 1 1 00101
1 1 1 00100
1 1 011 011
1 1 1 1
1 1 1 1
1 1 1 1
1 1 1 1
1 010 1 1
1 1 1 1
1 1 1 1
1 1 1 1
1 1 1 1
1 1 1 1
1 011 010 1
1 1 1 011
1 1 1 1
1 1 1 1
1 1 1 1
1 1 1 1
1 1 1 1
1 1 1 010
1 1 1 011
1 1 1 1
1 1 1 00100
1 1 011 011
1 1 1 1
1 1 1 1
1 1 1 1
1 1 1 1
1 1 1 1
1 010 1 1
1 1 1 1
1 1 1 1
1 1 1 1
1 1 1 1
1 011 1 1
1 1 010 011
1 1 1 1
1 1 1 1
1 1 1 1
1 1 1 1
1 1 1 00100
1 1 1 00101
1 1 1 1
1 1 1 1
1 1 1 00100
1 1 011 011
1 1 1 1
1 1 1 1
1 1 1 1
1 1 1 1
1 010 1 1
1 1 1 1
1 1 1 1
1 1 1 1
1 1 1 1
1 1 1 1
1 011 010 011
1 1 1 1
1 1 1 1
1 1 1 00100
1 1 1 00101
1 1 1 010
1 1 1 010
1 1 1 00101
1 1 1 00100
1 1 1 00101
1 1 1 010
1 1 011 1
1 1 1 1
1 1 1 1
1 1 1 1
1 1 1 1
1 010 1 1
1 1 1 1
1 1 1 1
1 1 1 1
1 1 1 1
1 1 1 1
1 011 1 011
1 1 011 010
1 1 00100 010
1 1 1 00101
1 1 1 1
1 1 1 1
1 1 1 1
1 1 1 1
1 1 00101 00100
1 1 00100 1
1 1 011 011
1 1 1 1
1 1 1 1
1 1 1 1
1 1 1 1
1 1 1 1
1 010 1 1
1 1 1 1
1 1 1 1
1 1 1 1
1 011 1 1
1 010 1 1
1 1 1 1
1 011 011 1
1 010 1 1
1 011 00100 011
1 1 1 1
1 1 1 010
1 1 1 011
1 1 1 1
1 1 1 00100
1 1 1 1
1 1 011 011
1 1 1 1
1 1 1 1
1 1 1 1
1 1 1 1
1 1 1 1
1 010 1 1
1 1 1 1
1 1 1 1
1 1 1 1
1 1 1 1
1 1 1 1
1 1 1 1
1 011 1 1
1 1 011 1
1 1 1 1
1 1 00100 1
1 1 1 1
1 1 1 011
1 1 1 1
1 1 1 010
1 1 1 010
1 1 011 011
1 1 1 1
1 1 1 1
1 1 1 1
1 1 1 1
1 1 1 1
1 010 1 1
1 1 1 1
1 1 1 1
1 1 1 1
1 1 1 1
1 011 1 1
1 1 1 1
1 1 1 1
1 1 011 1
1 1 1 1
1 1 00100 010
1 1 1 00101
1 1 1 1
1 1 1 010
1 1 011 1
1 1 011 1
1 1 010 1
1 1 1 1
1 1 1 1
1 1 1 1
1 1 1 1
1 1 1 1
1 010 1 1
1 1 1 1
1 1 1 1
1 011 1 1
1 1 1 1
1 1 1 1
1 1 1 1
1 1 011 1
1 010 1 1
1 011 1 1
1 1 1 1
1 1 1 1
1 1 00100 1
1 1 1 1
1 1 00101 1
1 1 1 1
1 1 010 1
1 1 1 1
1 1 1 1
1 1 1 1
1 1 1 1
1 1 1 1
1 00111 1 1
1 00100 1 1
1 1 1 1
1 1 1 1
1 1 1 1
1 00101 1 1
1 1 1 1
1 00100 1 1
1 1 1 1
1 1 1 1
1 011 1 1
1 011 1 1
1 1 010 1
1 1 1 1
1 010 1 1
1 010 1 1
1 011 1 1
1 1 1 1
1 1 1 1
1 1 1 1
1 1 011 011
1 011 1 1
1 00100 1 010
1 00101 1 1
1 00100 1 1
1 00101 1 1
1 00100 1 1
1 1 1 1
1 1 1 1
1 1 1 1
1 00101 1 1
1 1 1 1
1 1 010 010
1 1 1 1
1 00100 011 00101
1 1 010 010
1 00101 1 010
1 1 1 011
1 00100 1 1
1 011 1 1
1 1 1 1
1 1 011 011
1 1 010 010
1 1 011 011
1 011 1 010
1 00100 1 1
1 1 1 1
1 1 1 1
1 1 1 1
1 1 1 1
1 1 1 1
1 00101 1 1
1 1 010 010
1 1 1 1
1 00100 00101 011
1 1 1 010
1 1 1 00101
1 00101 00100 010
1 1 1 010
1 1 1 011
1 010 1 1
1 010 1 1
1 011 1 1
1 1 1 1
1 1 011 011
1 1 1 1
1 011 1 010
1 00100 1 1
1 1 1 1
1 1 1 1
1 1 1 1
1 1 1 1
1 1 1 1
1 00101 010 011
1 010 1 1
1 010 1 1
1 1 00101 010
1 1 00100 1
1 00101 011 011
1 1 010 00100
1 1 1 011
1 1 1 011
1 010 1 010
1 1 1 1
1 011 011 011
1 010 010 010
1 1 1 1
1 1 011 011
1 010 1 010
1 1 1 1
1 00101 1 1
1 00100 1 1
1 1 1 1
1 1 1 1
1 00101 011 1
1 1 00100 1
1 010 011 010
1 011 010 011
1 1 1 1
1 00100 00101 010
1 011 00100 1
1 1 00101 1
1 011 00100 011
1 1 1 1
1 1 1 1
1 010 1 1
1 1 1 1
1 010 1 1
1 011 1 1
1 1 011 011
1 010 1 010
1 00101 011 1
1 00100 010 1
1 1 1 1
1 1 1 1
1 1 1 1
1 00101 1 1
1 1 010 1
1 1 00101 1
1 1 00100 1
1 1 1 1
1 1 00101 010
1 1 010 1
1 1 010 1
1 1 00101 011
1 1 00100 1
1 1 1 1
1 1 011 1
1 010 010 1
1 1 1 1
1 010 011 1
1 011 1 011
1 010 1 010
1 1 1 1
1 1 1 1
1 1 1 1
1 1 1 1
1 00101 1 1
1 1 010 1
1 1 1 1
1 1 1 1
1 1 1 1
1 1 1 010
1 1 1 1
1 1 1 1
1 1 1 011
1 1 1 1
1 1 1 1
1 1 1 1
1 1 1 010
1 1 1 1
1 010 1 011
1 1 1 1
1 011 011 1
1 00100 1 1
1 1 1 1
1 1 1 1
1 1 010 1
1 1 011 1
1 00101 010 011
1 1 1 010
1 1 1 011
1 1 1 010
1 1 1 010
1 1 1 011
1 1 1 010
1 1 1 1
1 1 1 00101
1 1 1 1
1 1 1 00100
1 1 1 011
1 1 1 010
1 1 1 011
1 00100 1 1
1 011 1 1
1 010 011 1
1 011 1 011
1 010 1 010
1 1 1 1
1 1 1 1
1 1 1 1
1 1 1 1
1 00101 010 1
1 1 1 011
1 1 1 1
1 1 1 00100
1 1 1 00101
1 1 1 1
1 1 1 1
1 1 1 1
1 1 1 00100
1 1 1 1
1 1 1 1
1 010 1 011
1 1 1 1
1 010 011 1
1 1 1 1
1 1 1 1
1 1 1 1
1 1 011 1
1 1 010 1
1 011 1 011
1 010 010 010
1 1 011 1
1 00101 010 1
1 1 1 011
1 1 1 1
1 1 1 1
1 1 1 1
1 1 1 1
1 1 1 1
1 1 1 1
1 1 1 010
1 1 1 011
1 1 1 00100
1 00100 011 011
1 1 1 1
1 011 010 1
1 010 011 1
1 00101 1 1
1 00100 1 1
1 1 1 1
1 011 1 011
1 1 1 1
1 011 010 010
1 00100 1 1
1 00101 011 011
1 1 010 1
1 1 1 1
1 1 1 1
1 1 1 1
1 1 1 1
1 1 1 1
1 1 1 1
1 1 1 1
1 1 1 1
1 1 1 010
1 00100 011 1
1 1 1 1
1 1 1 1
1 1 1 1
1 1 1 1
1 1 1 1
1 1 1 1
1 011 1 011
1 1 1 1
1 011 1 1
1 00100 010 010
1 00101 1 1
1 1 1 011
1 1 1 1
1 1 1 1
1 1 1 1
1 1 1 1
1 1 1 010
1 1 1 011
1 1 1 1
1 1 1 1
1 1 1 010
1 00100 011 1
1 1 1 1
1 1 1 1
1 1 1 1
1 1 1 1
1 1 1 1
1 011 1 011
1 010 1 010
1 1 1 1
1 00101 1 011
1 010 1 1
1 011 010 1
1 1 1 1
1 1 1 1
1 1 1 010
1 1 1 011
1 1 1 1
1 1 1 010
1 1 1 011
1 1 011 1
1 1 010 1
1 1 1 010
1 00100 011 1
1 1 1 1
1 1 1 1
1 1 1 1
1 1 1 1
1 1 1 1
1 011 010 011
1 1 011 1
1 010 1 010
1 1 1 1
1 00101 1 011
1 1 1 1
1 1 1 010
1 1 010 1
1 1 1 011
1 1 1 1
1 1 1 1
1 1 1 1
1 1 1 1
1 1 1 010
1 1 1 010
1 00100 011 011
1 1 1 1
1 1 1 1
1 1 1 1
1 1 1 1
1 1 1 1
1 1 1 1
1 011 1 011
1 010 1 010
1 1 1 1
1 1 1 1
1 011 1 011
1 1 1 1
1 011 1 010
1 1 1 1
1 1 010 011
1 1 1 1
1 1 1 1
1 1 1 1
1 1 1 1
1 1 1 010
1 1 1 010
1 00100 011 011
1 1 1 1
1 1 1 1
1 1 1 1
1 1 1 1
1 1 1 1
1 011 1 011
1 1 1 1
1 010 1 010
1 1 1 1
1 1 1 1
1 1 1 1
1 00101 1 011
1 1 1 010
1 1 1 1
1 1 1 1
1 1 010 010
1 1 1 00101
1 1 1 1
1 1 1 1
1 1 1 010
1 1 1 010
1 00100 011 011
1 1 1 1
1 1 1 1
1 1 1 1
1 1 1 1
1 1 1 1
1 011 1 011
1 1 1 1
1 1 1 1
1 010 1 010
1 1 1 1
1 1 1 1
1 1 1 1
1 00101 1 1
1 00100 011 1
1 00101 1 011
1 1 00100 00100
1 1 1 00101
1 1 1 1
1 1 1 1
1 1 011 010
1 1 1 1
1 00100 1 1
1 1 1 1
1 1 1 1
1 1 1 1
1 1 1 1
1 011 1 1
1 010 1 1
1 1 1 1
1 1 1 1
1 1 1 1
1 1 1 1
1 011 011 1
1 011 010 1
1 1 1 1
1 010 011 1
1 1 1 1
1 011 010 1
1 1 010 1
1 1 1 1
1 1 1 1
1 1 011 1
1 1 011 1
1 1 00100 1
1 00100 011 1
1 1 1 1
1 1 1 1
1 011 1 1
1 1 1 1
011 1
011 011
011 1
011 1
011 1
011 1
011 1
011 1
011 1
011 1
011 1
011 1
011 1
011 010
011 011
011 1
011 1
011 1
011 1
011 1
011 1
011 1
011 010
011 011
011 1
011 1
011 010
011 011
011 1
011 1
011 1
011 1
011 1
011 1
011 1
011 1
011 1
011 010
011 1
011 011
011 010
011 011
011 1
011 010
011 1
011 011
011 010
011 011
011 1
011 1
011 1
011 1
011 010
011 011
011 1
011 1
011 010
011 011
011 1
011 1
011 010
011 011
011 1
011 010
011 011
011 010
011 1
011 011
011 1
011 1
011 1
011 1
011 1
011 1
011 010
011 011
011 010
011 011
011 1
011 010
011 1
011 1
011 011
011 010
011 011
011 1
011 010
011 011
011 010
011 011
011 1
011 1
011 1
011 1
011 1
011 010
011 1
011 1
011 1
011 1
011 011
011 1
011 1
011 010
011 1
011 011
011 010
011 011
011 1
011 010
011 1
011 011
011 1
011 1
011 1
011 1
011 1
011 010
011 011
011 1
011 1
011 1
011 1
011 1
011 1
011 1
011 1
011 010
011 011
011 010
011 011
011 1
011 1
011 1
011 1
011 1
011 1
011 010
011 011
011 1
011 1
011 1
011 1
011 1
011 1
011 1
011 1
011 1
011 1
011 010
011 011
011 1
011 010
011 011
011 010
011 1
011 1
011 011
011 1
011 1
011 010
011 1
011 011
011 1
011 010
011 011
011 1
011 1
011 1
011 010
011 1
011 1
011 1
011 1
011 011
011 010
011 1
011 1
011 011
011 1
011 1
011 1
011 1
011 010
011 011
011 010
011 1
011 011
011 1
011 010
011 1
011 1
011 1
011 011
011 1
011 010
011 011
011 1
011 010
011 011
011 1
011 010
011 011
011 010
011 1
011 1
011 1
011 011
011 1
011 1
011 1
011 1
011 1
011 1
011 1
011 1
011 1
011 1
011 010
011 1
011 1
011 1
011 1
011 011
011 010
011 011
011 1
011 010
011 1
011 1
011 011
011 1
011 1
011 010
011 011
011 010
011 011
011 010
011 011
011 1
011 1
011 010
011 1
011 011
011 1
011 1
011 010
011 011
011 010
011 011
011 010
011 1
011 011
011 1
011 1
011 010
011 011
011 1
011 010
011 011
011 010
011 011
011 1
011 1
011 010
011 1
011 011
011 010
011 011
011 010
011 011
011 010
011 1
011 1
011 011
011 1
011 1
011 1
011 1
011 1
011 010
011 011
011 1
011 010
011 1
011 1
011 1
011 011
011 1
011 010
011 1
011 1
011 011
011 010
011 1
011 1
011 1
011 1
011 011
011 010
011 011
011 1
011 010
011 011
011 1
011 1
011 1
011 010
011 1
011 1
011 1
011 1
011 1
011 011
011 010
011 011
011 1
011 010
011 011
011 010
011 011
011 010
011 011
011 1
011 1
011 1
011 1
011 010
011 011
011 1
011 010
011 1
011 1
011 011
011 010
011 1
011 1
011 011
011 010
011 1
011 1
011 1
011 011
011 1
011 1
011 1
011 1
011 1
011 010
011 011
011 010
011 1
011 1
011 1
011 011
011 010
011 1
011 1
011 011
011 010
011 1
011 011
011 010
011 1
011 1
011 011
011 1
011 010
011 1
011 1
011 1
011 1
011 011
011 1
011 010
011 1
011 1
011 011
011 1
011 1
011 1
011 1
011 010
011 011
011 1
011 010
011 011
011 1
011 010
011 1
011 011
011 010
011 011
011 1
011 1
011 1
1 011 1 1
1 1 1 1
1 1 1 1
1 1 011 1
1 1 00100 011
1 1 011 1
1 1 1 1
1 1 010 1
1 1 1 1
1 1 1 1
1 1 1 1
1 1 011 1
1 1 1 1
1 1 1 1
1 1 1 1
1 1 1 1
1 1 1 1
1 1 1 1
1 1 1 1
1 1 1 1
1 1 1 1
1 1 1 1
1 1 1 1
1 1 1 1
1 1 010 1
1 1 011 1
1 1 010 1
1 1 1 1
1 1 1 1
1 1 1 1
1 1 011 1
1 1 1 1
1 1 010 00100
1 1 1 1
1 1 1 1
1 1 00101 1
1 1 00100 1
1 1 011 00101
1 1 1 1
1 1 1 1
1 1 1 1
1 1 1 1
1 1 1 1
1 1 1 1
1 1 1 010
1 1 1 011
1 1 010 1
1 1 1 1
1 1 1 1
1 1 1 1
1 1 011 1
1 1 1 1
1 1 010 00100
1 1 1 1
1 1 00101 00101
1 1 1 00100
1 1 00100 011
1 1 011 010
1 1 010 1
1 1 011 011
1 1 1 011
1 1 1 1
1 1 1 1
1 1 1 1
1 1 1 1
1 1 1 1
1 1 1 1
1 1 010 1
1 1 1 1
1 1 1 1
1 1 011 1
1 1 1 1
1 1 010 1
1 1 1 1
1 1 1 00100
1 1 011 1
1 1 011 1
1 1 010 00101
1 1 010 1
1 1 1 00100
1 1 1 00101
1 1 1 010
1 1 011 011
1 1 1 1
1 1 1 1
1 1 1 1
1 1 1 1
1 1 1 1
1 1 1 1
1 1 010 1
1 1 011 1
1 1 010 1
1 1 1 1
1 1 1 1
1 1 1 1
1 1 1 1
1 1 00101 010
1 1 1 1
1 1 00100 011
1 1 00101 010
1 1 00100 1
1 1 00101 010
1 1 1 011
1 1 010 1
1 1 1 011
1 1 1 1
1 1 1 1
1 1 1 1
1 1 1 1
1 1 1 1
1 1 1 010
1 1 010 011
1 1 1 1
1 1 1 1
1 1 1 1
1 1 1 1
1 1 011 1
1 1 010 00100
1 1 011 1
1 1 011 1
1 1 1 1
1 1 1 1
1 1 1 1
1 1 00100 1
1 1 00101 011
1 1 010 1
1 1 010 1
1 1 1 1
1 1 011 011
1 1 1 1
1 1 1 1
1 1 1 1
1 1 1 1
1 1 010 1
1 1 1 1
1 1 011 1
1 1 1 1
1 1 1 1
1 1 010 00100
1 1 1 1
1 1 011 1
1 1 011 1
1 1 00100 1
1 1 1 1
1 1 1 1
1 1 1 1
1 1 1 011
1 1 1 1
1 1 1 010
1 1 1 1
1 1 00101 011
1 1 010 011
1 1 1 1
1 1 1 1
1 1 1 1
1 1 1 1
1 1 1 1
1 1 1 1
1 1 1 1
1 1 010 1
1 1 1 00100
1 1 1 011
1 1 1 010
1 1 1 1
1 1 1 1
1 1 1 1
1 1 1 1
1 1 1 011
1 1 1 1
1 1 1 010
1 1 1 1
1 1 1 1
1 1 1 011
1 1 011 011
1 1 1 1
1 1 1 1
1 1 1 1
1 1 010 1
1 1 1 1
1 1 1 1
1 1 1 1
1 1 1 1
1 1 011 010
1 1 010 1
1 1 1 011
1 1 1 00100
1 1 1 011
1 1 1 011
1 1 1 1
1 1 1 1
1 1 1 010
1 1 1 1
1 1 1 010
1 1 011 00101
1 1 1 1
1 1 1 1
1 1 1 1
1 1 1 1
1 1 1 1
1 1 010 1
1 1 011 1
1 1 1 1
1 1 1 1
1 1 1 1
1 1 1 1
1 1 010 1
1 1 1 00100
1 1 1 00101
1 1 1 1
1 1 1 010
1 1 1 011
1 1 1 1
1 1 1 1
1 1 1 010
1 1 1 011
1 1 011 1
1 1 1 1
1 1 1 1
1 1 1 1
1 1 1 1
1 1 1 1
1 1 1 1
1 1 1 1
1 1 1 1
1 1 1 1
1 1 1 1
1 1 1 1
1 1 010 1
1 1 1 1
1 1 1 1
1 1 1 1
1 1 1 1
1 1 1 1
1 1 1 1
1 1 1 1
1 1 1 1
1 1 1 010
1 1 011 011
1 1 1 1
1 1 1 1
1 1 1 1
1 1 1 1
1 1 1 1
1 1 1 1
1 1 1 1
1 1 1 1
1 1 1 1
1 1 1 1
1 1 010 010
1 1 1 011
1 1 1 1
1 1 1 010
1 1 1 011
1 1 1 010
1 1 1 011
1 1 1 00100
1 1 1 00101
1 1 1 1
1 1 1 010
1 1 011 011
1 1 1 1
1 1 1 1
1 1 1 1
1 1 1 1
1 1 1 1
1 1 1 1
1 1 1 1
1 1 1 1
1 1 1 1
1 1 1 1
1 1 010 1
1 1 1 1
1 1 1 1
1 1 1 00100
1 1 1 00101
1 1 1 1
1 1 1 1
1 1 1 1
1 1 1 00100
1 1 00101 1
1 1 00100 00101
1 1 011 1
1 1 1 1
1 1 1 1
1 1 1 1
1 1 1 1
1 1 1 1
1 1 1 1
1 1 1 1
1 1 1 1
1 1 1 1
1 1 1 1
1 1 1 1
1 1 1 010
1 1 010 1
1 1 1 011
1 1 1 1
1 1 1 1
1 1 1 1
1 1 1 1
1 1 1 010
1 1 1 1
1 1 1 011
1 1 011 1
1 1 1 1
1 1 1 1
1 1 1 1
1 1 1 1
1 1 1 1
1 1 1 1
1 1 1 1
1 1 1 1
1 1 1 1
1 1 1 1
1 1 1 1
1 1 1 1
1 1 010 00100
1 1 1 00101
1 1 1 1
1 1 1 1
1 1 1 010
1 1 1 1
1 1 1 1
1 1 1 1
1 1 011 011
1 1 1 1
1 1 1 1
1 1 1 1
1 1 1 1
1 1 1 1
1 1 1 1
1 1 1 1
1 1 1 1
1 1 1 1
1 1 1 1
1 1 1 1
1 1 1 1
1 1 1 1
1 1 1 1
1 1 1 1
1 1 010 1
1 1 1 1
1 1 1 1
1 1 1 010
1 1 1 010
1 1 1 1
1 1 011 00101
1 1 1 1
1 1 1 1
1 1 1 1
1 1 1 1
1 1 1 1
1 1 1 1
1 1 1 1
1 1 1 1
1 1 1 1
1 1 1 1
1 1 1 1
1 1 1 1
1 1 1 1
1 1 1 1
1 1 1 1
1 1 1 1
1 1 010 1
1 1 1 1
1 1 1 010
1 1 011 1
1 1 1 011
1 1 1 1
1 1 1 1
1 1 1 1
1 1 1 1
1 1 1 1
1 1 1 1
1 1 1 010
1 1 1 1
1 1 1 1
1 1 1 1
1 1 011 1
1 1 010 1
1 1 1 1
1 1 010 1
1 1 011 1
1 1 1 1
1 1 010 1
1 1 1 1
1 1 1 1
1 1 1 1
1 1 011 1
1 1 011 1
1 1 00100 1
1 1 1 1
1 1 011 1
1 1 1 1
1 1 1 1
1 1 1 1
